function [z,w,Np] =  poles_residues
% Poles and residues used when numerically inverting the Laplace transform (see Trefethen et al. 
% (2006)). Values were obtained by implementing the algorithm given in Figure 4.1 of Trefetehn et al
% (2006) in Maple with Digits := 100;

Np = 18;
z = [-11.809659160596931753053500735658-23.276997319940578117755429193206*1i, -11.809659160596931753053500735658+23.276997319940578117755429193206*1i, -6.877000574274985095293314868882-20.272853934094735300776858885194*1i, -6.877000574274985095293314868882+20.272853934094735300776858885194*1i, -3.076519149365143034012116639396-16.905454523437408543623767050417*1i, -3.076519149365143034012116639396+16.905454523437408543623767050417*1i, 0.93513681366311746589960405276e-1-13.930584740481590727031056735813*1i, 0.93513681366311746589960405276e-1+13.930584740481590727031056735813*1i, 2.572586105418455282029386646193-11.211193903678375955297577719559*1i, 2.572586105418455282029386646193+11.211193903678375955297577719559*1i, 4.450888244480188739968700308936-8.626898414921124628871400991841*1i, 4.450888244480188739968700308936+8.626898414921124628871400991841*1i, 5.803975849963176316261522459562-6.119350470338438765348419673657*1i, 5.803975849963176316261522459562+6.119350470338438765348419673657*1i, 6.681645417101244589438940310605-3.656153705192359397629928422017*1i, 6.681645417101244589438940310605+3.656153705192359397629928422017*1i, 7.113562981825412103764304312810-1.216284970931866513059653955461*1i, 7.113562981825412103764304312810+1.216284970931866513059653955461*1i];
w = [-0.6671380683640694102239879e-5-0.5309026233574777649001056e-5*1i, -0.6671380683640694102239879e-5+0.5309026233574777649001056e-5*1i, 0.570390266955222097387371128e-3+0.651837427662694999455851519e-3*1i, 0.570390266955222097387371128e-3-0.651837427662694999455851519e-3*1i, -0.15636760343831452720394928534e-1-0.31102665295348453796701741984e-1*1i, -0.15636760343831452720394928534e-1+0.31102665295348453796701741984e-1*1i, .379758727937084068528425032274+.582923843554685425208490953515*1i, .379758727937084068528425032274-.582923843554685425208490953515*1i, -5.583734991770508127531616246377-4.408779955461467327575114105432*1i, -5.583734991770508127531616246377+4.408779955461467327575114105432*1i, 39.858059651298921256465481314909+9.503238522258137549591144753039*1i, 39.858059651298921256465481314909-9.503238522258137549591144753039*1i, -138.746437714384661720163222364472+36.385241847000595573723766477217*1i, -138.746437714384661720163222364472-36.385241847000595573723766477217*1i, 229.899995721229558452068908348656-224.951999068670699745931178179106*1i, 229.899995721229558452068908348656+224.951999068670699745931178179106*1i, -125.792568352852801101647741966477+460.851430053301353233781535439270*1i, -125.792568352852801101647741966477-460.851430053301353233781535439270*1i];